Line Segment Data	12 items	feet
632	645	500	603
632	633	500	602
633	634	0	XFM-1
645	646	300	603
650	632	2000	601
684	652	800	607
632	671	2000	601
671	684	300	604
671	680	1000	601
671	692	0	Switch
684	611	300	605
692	675	500	606
-999
Spot Loads	8 items
634	Y-PQ	160	110	120	90	120	90
645	Y-PQ	0	0	170	125	0	0
646	D-Z	0	0	230	132	0	0
652	Y-Z	128	86	0	0	0	0
671	D-PQ	385	220	385	220	385	220
675	Y-PQ	485	190	68	60	290	212
692	D-PQ	0	0	0	0	170	151
611	Y-PQ	0	0	0	0	170	80
-999
Distributed Loads	1 items
632	671	Y-PQ	17	10	66	38	117	68
-999
Shunt Capacitors	2 items
675	200	200	200
611	0	0	100
-999
Transformer	1 item
XFM-1	500	Gr.Y-Gr.Y	4.16	0.48	1.1	2
-999
Regulator	1 item
1	650	632	650	A-B-C	3-Ph,LG	A-B-C	2.0	20	700	3	9	3	9	3	9	122	122	122
-999