Line Segment Data	69 items	mile
0	1	1	91
1	2	1	92
2	2e	0	Switch
2e	3	1	93
3	4	1	94
4	5	1	95
5	6	1	96
6	7	1	97
7	8	1	98
8	9	1	99
9	10	1	910
10	11	1	911
11	12	1	912
12	13	1	913
13	14	1	914
14	15	1	915
15	16	1	916
16	17	1	917
17	18	1	918
18	19	1	919
19	20	1	920
20	21	1	921
21	22	1	922
22	23	1	923
23	24	1	924
24	25	1	925
25	26	1	926
2	27	1	927
27	28	1	928
28	29	1	929
29	30	1	930
30	31	1	931
31	32	1	932
32	33	1	933
33	34	1	934
2e	27e	1	935
27e	28e	1	936
28e	65	1	937
65	66	1	938
66	67	1	939
67	68	1	940
68	69	1	941
69	70	1	942
70	88	1	943
88	89	1	944
89	90	1	945
3	35	1	946
35	36	1	947
36	37	1	948
37	38	1	949
7	40	1	950
40	41	1	951
8	42	1	952
42	43	1	953
43	44	1	954
44	45	1	955
45	46	1	956
46	47	1	957
47	48	1	958
48	49	1	959
49	50	1	960
50	51	1	961
51	52	1	962
52	53	1	963
53	54	1	964
10	55	1	965
55	56	1	966
11	57	1	967
57	58	1	968
-999
Spot Loads	48 items
5	Y-PQ	0.866666667	0.733333333	0.866666667	0.733333333	0.866666667	0.733333333
6	Y-PQ	13.46666667	10	13.46666667	10	13.46666667	10
7	Y-PQ	25	18	25	18	25	18
8	Y-PQ	10	7.333333333	10	7.333333333	10	7.333333333
9	Y-PQ	9.333333333	6.333333333	9.333333333	6.333333333	9.333333333	6.333333333
10	Y-PQ	48.33333333	34.66666667	48.33333333	34.66666667	48.33333333	34.66666667
11	Y-PQ	48.33333333	34.66666667	48.33333333	34.66666667	48.33333333	34.66666667
12	Y-PQ	2.666666667	1.833333333	2.666666667	1.833333333	2.666666667	1.833333333
13	Y-PQ	2.666666667	1.833333333	2.666666667	1.833333333	2.666666667	1.833333333
15	Y-PQ	15.16666667	10	15.16666667	10	15.16666667	10
16	Y-PQ	20	11.66666667	20	11.66666667	20	11.66666667
17	Y-PQ	20	11.66666667	20	11.66666667	20	11.66666667
19	Y-PQ	0.333333333	0.2	0.333333333	0.2	0.333333333	0.2
20	Y-PQ	38	27	38	27	38	27
21	Y-PQ	1.766666667	1.166666667	1.766666667	1.166666667	1.766666667	1.166666667
23	Y-PQ	9.333333333	6.666666667	9.333333333	6.666666667	9.333333333	6.666666667
25	Y-PQ	4.666666667	3.333333333	4.666666667	3.333333333	4.666666667	3.333333333
26	Y-PQ	4.666666667	3.333333333	4.666666667	3.333333333	4.666666667	3.333333333
27	Y-PQ	8.666666667	6.2	8.666666667	6.2	8.666666667	6.2
28	Y-PQ	8.666666667	6.2	8.666666667	6.2	8.666666667	6.2
32	Y-PQ	4.666666667	3.333333333	4.666666667	3.333333333	4.666666667	3.333333333
33	Y-PQ	6.5	4.666666667	6.5	4.666666667	6.5	4.666666667
34	Y-PQ	2	1.333333333	2	1.333333333	2	1.333333333
27e	Y-PQ	8.666666667	6.183333333	8.666666667	6.183333333	8.666666667	6.183333333
28e	Y-PQ	8.666666667	6.183333333	8.666666667	6.183333333	8.666666667	6.183333333
66	Y-PQ	8	5.666666667	8	5.666666667	8	5.666666667
67	Y-PQ	8	5.666666667	8	5.666666667	8	5.666666667
68	Y-PQ	0.4	0.333333333	0.4	0.333333333	0.4	0.333333333
70	Y-PQ	2	1.433333333	2	1.433333333	2	1.433333333
89	Y-PQ	13.07333333	8.766666667	13.07333333	8.766666667	13.07333333	8.766666667
90	Y-PQ	13.07333333	8.766666667	13.07333333	8.766666667	13.07333333	8.766666667
36	Y-PQ	26.33333333	18.8	26.33333333	18.8	26.33333333	18.8
37	Y-PQ	128	91.5	128	91.5	128	91.5
38	Y-PQ	128	91.5	128	91.5	128	91.5
40	Y-PQ	13.5	9.433333333	13.5	9.433333333	13.5	9.433333333
41	Y-PQ	1.2	0.9	1.2	0.9	1.2	0.9
42	Y-PQ	1.45	1.166666667	1.45	1.166666667	1.45	1.166666667
43	Y-PQ	8.8	6.333333333	8.8	6.333333333	8.8	6.333333333
44	Y-PQ	8	5.733333333	8	5.733333333	8	5.733333333
48	Y-PQ	33.33333333	24	33.33333333	24	33.33333333	24
50	Y-PQ	414.6666667	296	414.6666667	296	414.6666667	296
51	Y-PQ	10.66666667	7.666666667	10.66666667	7.666666667	10.66666667	7.666666667
53	Y-PQ	75.66666667	54	75.66666667	54	75.66666667	54
54	Y-PQ	19.66666667	14	19.66666667	14	19.66666667	14
55	Y-PQ	6	4.333333333	6	4.333333333	6	4.333333333
56	Y-PQ	6	4.333333333	6	4.333333333	6	4.333333333
57	Y-PQ	9.333333333	6.666666667	9.333333333	6.666666667	9.333333333	6.666666667
58	Y-PQ	9.333333333	6.666666667	9.333333333	6.666666667	9.333333333	6.666666667
-999
Distributed Loads	0 items
-999
Shunt Capacitors	0 items
-999
Transformer	0 item
-999
Regulator	0 item
-999