Line Segment Data	33 items	feet
800	802	2580	300
802	806	1730	300
806	808	32230	300
808	810	5804	303
808	812	37500	300
812	814	29730	300
814	850	10	301
816	818	1710	302
816	824	10210	301
818	820	48150	302
820	822	13740	302
824	826	3030	303
824	828	840	301
828	830	20440	301
830	854	520	301
832	858	4900	301
832	888	0	XFM-1
834	860	2020	301
834	842	280	301
836	840	860	301
836	862	280	301
842	844	1350	301
844	846	3640	301
846	848	530	301
850	816	310	301
852	832	10	301
854	856	23330	303
854	852	36830	301
858	864	1620	302
858	834	5830	301
860	836	2680	301
862	838	4860	304
888	890	10560	300
-999
Spot Loads	6 items
860	Y-PQ	20	16	20	16	20	16
840	Y-PQ	9	7	9	7	9	7
844	Y-Z	135	105	135	105	135	105
848	D-PQ	20	16	20	16	20	16
890	D-PQ	150	75	150	75	150	75
830	D-Z	10	5	10	5	25	10
-999
Distributed Loads	19 items
802	806	Y-PQ	0	0	30	15	25	14
808	810	Y-PQ	0	0	16	8	0	0
818	820	Y-Z	34	17	0	0	0	0
820	822	Y-PQ	135	70	0	0	0	0
816	824	D-PQ	0	0	5	2	0	0
824	826	Y-PQ	0	0	40	20	0	0
824	828	Y-PQ	0	0	0	0	4	2
828	830	Y-PQ	7	3	0	0	0	0
854	856	Y-PQ	0	0	4	2	0	0
832	858	D-Z	7	3	2	1	6	3
858	864	Y-PQ	2	1	0	0	0	0
858	834	D-PQ	4	2	15	8	13	7
834	860	D-Z	16	8	20	10	110	55
860	836	D-PQ	30	15	10	6	42	22
836	840	D-PQ	18	9	22	11	0	0
862	838	Y-PQ	0	0	28	14	0	0
842	844	Y-PQ	9	5	0	0	0	0
844	846	Y-PQ	0	0	25	12	20	11
846	848	Y-PQ	0	0	23	11	0	0
-999
Shunt Capacitors	2 items
844	100	100	100
848	150	150	150
-999
Transformer	1 item
XFM-1	500	Gr.Y-Gr.Y	24.9	4.16	1.9	4.08
-999
Regulator	2 item
1	814	850	814	A-B-C	3-Ph,LG	A-B-C	2.0	120	100	2.7	1.6	2.7	1.6	2.7	1.6	122	122	122
2	852	832	852	A-B-C	3-Ph,LG	A-B-C	2.0	120	100	2.5	1.5	2.5	1.5	2.5	1.5	124	124	124
-999